0.0000146236,
0.0000137816,
0.0000129410,
0.0000120995,
0.0000112550,
0.0000104051,
0.0000095475,
0.0000086797,
0.0000077994,
0.0000069040,
0.0000059911,
0.0000050582,
0.0000041025,
0.0000031215,
0.0000021126,
0.0000010730,
-0.0000000000,
-0.0000011091,
-0.0000022571,
-0.0000034468,
-0.0000046811,
-0.0000059628,
-0.0000072948,
-0.0000086800,
-0.0000101213,
-0.0000116216,
-0.0000131840,
-0.0000148113,
-0.0000165067,
-0.0000182730,
-0.0000201132,
-0.0000220305,
-0.0000240277,
-0.0000261080,
-0.0000282744,
-0.0000305299,
-0.0000328775,
-0.0000353202,
-0.0000378612,
-0.0000405033,
-0.0000432497,
-0.0000461033,
-0.0000490671,
-0.0000521441,
-0.0000553372,
-0.0000586495,
-0.0000620838,
-0.0000656431,
-0.0000693302,
-0.0000731480,
-0.0000770994,
-0.0000811872,
-0.0000854141,
-0.0000897829,
-0.0000942963,
-0.0000989571,
-0.0001037678,
-0.0001087311,
-0.0001138496,
-0.0001191258,
-0.0001245622,
-0.0001301612,
-0.0001359252,
-0.0001418567,
-0.0001479578,
-0.0001542309,
-0.0001606781,
-0.0001673016,
-0.0001741035,
-0.0001810859,
-0.0001882506,
-0.0001955996,
-0.0002031347,
-0.0002108578,
-0.0002187705,
-0.0002268745,
-0.0002351715,
-0.0002436628,
-0.0002523500,
-0.0002612344,
-0.0002703173,
-0.0002796000,
-0.0002890835,
-0.0002987691,
-0.0003086576,
-0.0003187500,
-0.0003290471,
-0.0003395496,
-0.0003502583,
-0.0003611738,
-0.0003722964,
-0.0003836267,
-0.0003951650,
-0.0004069114,
-0.0004188663,
-0.0004310296,
-0.0004434012,
-0.0004559812,
-0.0004687693,
-0.0004817652,
-0.0004949684,
-0.0005083786,
-0.0005219952,
-0.0005358174,
-0.0005498446,
-0.0005640758,
-0.0005785102,
-0.0005931466,
-0.0006079839,
-0.0006230210,
-0.0006382564,
-0.0006536888,
-0.0006693166,
-0.0006851382,
-0.0007011519,
-0.0007173559,
-0.0007337483,
-0.0007503271,
-0.0007670901,
-0.0007840353,
-0.0008011604,
-0.0008184629,
-0.0008359404,
-0.0008535903,
-0.0008714100,
-0.0008893968,
-0.0009075477,
-0.0009258600,
-0.0009443305,
-0.0009629562,
-0.0009817339,
-0.0010006603,
-0.0010197320,
-0.0010389456,
-0.0010582976,
-0.0010777843,
-0.0010974020,
-0.0011171470,
-0.0011370154,
-0.0011570032,
-0.0011771065,
-0.0011973211,
-0.0012176428,
-0.0012380675,
-0.0012585908,
-0.0012792084,
-0.0012999156,
-0.0013207082,
-0.0013415814,
-0.0013625305,
-0.0013835510,
-0.0014046379,
-0.0014257865,
-0.0014469919,
-0.0014682490,
-0.0014895529,
-0.0015108986,
-0.0015322808,
-0.0015536945,
-0.0015751344,
-0.0015965953,
-0.0016180719,
-0.0016395588,
-0.0016610507,
-0.0016825421,
-0.0017040275,
-0.0017255016,
-0.0017469588,
-0.0017683934,
-0.0017898000,
-0.0018111730,
-0.0018325067,
-0.0018537955,
-0.0018750337,
-0.0018962157,
-0.0019173357,
-0.0019383881,
-0.0019593671,
-0.0019802671,
-0.0020010822,
-0.0020218069,
-0.0020424353,
-0.0020629617,
-0.0020833804,
-0.0021036858,
-0.0021238720,
-0.0021439334,
-0.0021638644,
-0.0021836592,
-0.0022033122,
-0.0022228179,
-0.0022421705,
-0.0022613645,
-0.0022803944,
-0.0022992547,
-0.0023179398,
-0.0023364444,
-0.0023547629,
-0.0023728901,
-0.0023908205,
-0.0024085489,
-0.0024260701,
-0.0024433789,
-0.0024604700,
-0.0024773384,
-0.0024939791,
-0.0025103871,
-0.0025265574,
-0.0025424851,
-0.0025581656,
-0.0025735940,
-0.0025887656,
-0.0026036759,
-0.0026183202,
-0.0026326943,
-0.0026467936,
-0.0026606138,
-0.0026741508,
-0.0026874003,
-0.0027003583,
-0.0027130208,
-0.0027253838,
-0.0027374437,
-0.0027491965,
-0.0027606388,
-0.0027717669,
-0.0027825774,
-0.0027930669,
-0.0028032322,
-0.0028130701,
-0.0028225775,
-0.0028317514,
-0.0028405891,
-0.0028490876,
-0.0028572444,
-0.0028650569,
-0.0028725226,
-0.0028796392,
-0.0028864045,
-0.0028928163,
-0.0028988726,
-0.0029045714,
-0.0029099111,
-0.0029148899,
-0.0029195063,
-0.0029237587,
-0.0029276459,
-0.0029311666,
-0.0029343197,
-0.0029371042,
-0.0029395192,
-0.0029415640,
-0.0029432378,
-0.0029445403,
-0.0029454709,
-0.0029460294,
0.7041455204,
-0.0029460294,
-0.0029454709,
-0.0029445403,
-0.0029432378,
-0.0029415640,
-0.0029395192,
-0.0029371042,
-0.0029343197,
-0.0029311666,
-0.0029276459,
-0.0029237587,
-0.0029195063,
-0.0029148899,
-0.0029099111,
-0.0029045714,
-0.0028988726,
-0.0028928163,
-0.0028864045,
-0.0028796392,
-0.0028725226,
-0.0028650569,
-0.0028572444,
-0.0028490876,
-0.0028405891,
-0.0028317514,
-0.0028225775,
-0.0028130701,
-0.0028032322,
-0.0027930669,
-0.0027825774,
-0.0027717669,
-0.0027606388,
-0.0027491965,
-0.0027374437,
-0.0027253838,
-0.0027130208,
-0.0027003583,
-0.0026874003,
-0.0026741508,
-0.0026606138,
-0.0026467936,
-0.0026326943,
-0.0026183202,
-0.0026036759,
-0.0025887656,
-0.0025735940,
-0.0025581656,
-0.0025424851,
-0.0025265574,
-0.0025103871,
-0.0024939791,
-0.0024773384,
-0.0024604700,
-0.0024433789,
-0.0024260701,
-0.0024085489,
-0.0023908205,
-0.0023728901,
-0.0023547629,
-0.0023364444,
-0.0023179398,
-0.0022992547,
-0.0022803944,
-0.0022613645,
-0.0022421705,
-0.0022228179,
-0.0022033122,
-0.0021836592,
-0.0021638644,
-0.0021439334,
-0.0021238720,
-0.0021036858,
-0.0020833804,
-0.0020629617,
-0.0020424353,
-0.0020218069,
-0.0020010822,
-0.0019802671,
-0.0019593671,
-0.0019383881,
-0.0019173357,
-0.0018962157,
-0.0018750337,
-0.0018537955,
-0.0018325067,
-0.0018111730,
-0.0017898000,
-0.0017683934,
-0.0017469588,
-0.0017255016,
-0.0017040275,
-0.0016825421,
-0.0016610507,
-0.0016395588,
-0.0016180719,
-0.0015965953,
-0.0015751344,
-0.0015536945,
-0.0015322808,
-0.0015108986,
-0.0014895529,
-0.0014682490,
-0.0014469919,
-0.0014257865,
-0.0014046379,
-0.0013835510,
-0.0013625305,
-0.0013415814,
-0.0013207082,
-0.0012999156,
-0.0012792084,
-0.0012585908,
-0.0012380675,
-0.0012176428,
-0.0011973211,
-0.0011771065,
-0.0011570032,
-0.0011370154,
-0.0011171470,
-0.0010974020,
-0.0010777843,
-0.0010582976,
-0.0010389456,
-0.0010197320,
-0.0010006603,
-0.0009817339,
-0.0009629562,
-0.0009443305,
-0.0009258600,
-0.0009075477,
-0.0008893968,
-0.0008714100,
-0.0008535903,
-0.0008359404,
-0.0008184629,
-0.0008011604,
-0.0007840353,
-0.0007670901,
-0.0007503271,
-0.0007337483,
-0.0007173559,
-0.0007011519,
-0.0006851382,
-0.0006693166,
-0.0006536888,
-0.0006382564,
-0.0006230210,
-0.0006079839,
-0.0005931466,
-0.0005785102,
-0.0005640758,
-0.0005498446,
-0.0005358174,
-0.0005219952,
-0.0005083786,
-0.0004949684,
-0.0004817652,
-0.0004687693,
-0.0004559812,
-0.0004434012,
-0.0004310296,
-0.0004188663,
-0.0004069114,
-0.0003951650,
-0.0003836267,
-0.0003722964,
-0.0003611738,
-0.0003502583,
-0.0003395496,
-0.0003290471,
-0.0003187500,
-0.0003086576,
-0.0002987691,
-0.0002890835,
-0.0002796000,
-0.0002703173,
-0.0002612344,
-0.0002523500,
-0.0002436628,
-0.0002351715,
-0.0002268745,
-0.0002187705,
-0.0002108578,
-0.0002031347,
-0.0001955996,
-0.0001882506,
-0.0001810859,
-0.0001741035,
-0.0001673016,
-0.0001606781,
-0.0001542309,
-0.0001479578,
-0.0001418567,
-0.0001359252,
-0.0001301612,
-0.0001245622,
-0.0001191258,
-0.0001138496,
-0.0001087311,
-0.0001037678,
-0.0000989571,
-0.0000942963,
-0.0000897829,
-0.0000854141,
-0.0000811872,
-0.0000770994,
-0.0000731480,
-0.0000693302,
-0.0000656431,
-0.0000620838,
-0.0000586495,
-0.0000553372,
-0.0000521441,
-0.0000490671,
-0.0000461033,
-0.0000432497,
-0.0000405033,
-0.0000378612,
-0.0000353202,
-0.0000328775,
-0.0000305299,
-0.0000282744,
-0.0000261080,
-0.0000240277,
-0.0000220305,
-0.0000201132,
-0.0000182730,
-0.0000165067,
-0.0000148113,
-0.0000131840,
-0.0000116216,
-0.0000101213,
-0.0000086800,
-0.0000072948,
-0.0000059628,
-0.0000046811,
-0.0000034468,
-0.0000022571,
-0.0000011091,
-0.0000000000,
0.0000010730,
0.0000021126,
0.0000031215,
0.0000041025,
0.0000050582,
0.0000059911,
0.0000069040,
0.0000077994,
0.0000086797,
0.0000095475,
0.0000104051,
0.0000112550,
0.0000120995,
0.0000129410,
0.0000137816,
0.0000146236,
